45317
36495
49951
34323
48773
36775
53812
38361
45110
34842
28724
42983
44108
58958
45357
56751
34094
43538
29414
44630
42850
40338
23353
34734
30371
27122
30196
23445
32160
27798
39248
47207
25097
23764
57329
52022
77072
79594
53816
23015
24353
16971
20115
23586
15463
38827
26350
48015
45757
33442
96127
72094
58136
26900
19704
59643
63197
38845
39153
45517
46216
61089
52618
32291
56231
44370
43573
34323
36834
35852
29721
48698
51357
50729
35196
34031
49882
22487
60441
11106
62984
17977
46096
57494
56870
43111
42043
39137
49492
45655
39147
38109
16919
87435
61530
41118
22284
36308
24554
35219
35659
72212
73043
29774
35380
29410
42097
56306
31488
36502
47199
29689
73606
47346
24528
28634
30847
27159
25950
49661
43212
52773
17433
35353
23567
16157
65532
22732
23008
85960
32430
85357
28204
85936
14284
65972
15015
13107
27123
62011
77172
36067
42434
43290
43384
47291
28444
26894
42382
35589
14927
30412
59383
39517
40315
17780
51543
29835
85775
15555
43517
11807
30480
23457
43438
31935
64639
27467
38750
20170
47359
20846
20376
32337
60105
60299
50489
25545
39783
46307
52822
93173
90522
32248
30385
33557
84425
49898
35952
32321
45366
27614
44838
54093
53987
47544
49190
44818
31002
42245
42613
26555
42932
18079
17837
32500
43388
55604
48449
45775
44729
49718
52356
48907
48522
48753
35232
37239
40351
54069
33322
35242
16687
49321
32566
48765
35477
26250
32554
25278
25519
25561
25301
27163
22708
20255
14920
30201
29708
39646
67617
30925
16898
33962
49742
50463
47522
13811
50688
40147
104376
33423
37265
116483
63838
99063
30413
51109
11329
43978
20579
28500
20270
33110
10689
55173
36141
31322
21836
35188
52558
40513
30145
27858
37390
31294
47192
30812
47109
53580
54808
27389
64732
32734
22679
27384
43046
35407
37410
35493
32762
8640
80700
41269
22752
30524
89780
89987
90399
22869
30826
35396
23308
25399
19859
35217
29644
32593
84163
80024
141991
27928
31374
53161
55361
53935
78503
48953
31297
40957
40640
51051
53611
29021
22399
29759
63697
24746
23593
23526
22960
57562
32694
32734
39754
40558
42966
21270
32694
49602
37851
43117
32561
21294
20815
45127
28190
26242
83876
33052
35884
46754
32512
36360
22622
27339
30833
19997
38456
35800
17049
70532
50244
23783
34623
58361
20780
23565
33756
19416
23578
23445
32007
32455
36573
52911
69041
31110
29437
51560
21253
63998
66270
14052
21768
58679
53995
20772
50970
29715
18777
63562
9119
51449
22632
38215
25970
21391
22533
60374
39875
37815
22997
23555
34893
37147
35343
42347
36397
63739
47345
40949
37127
33394
36651
62659
34427
17121
34775
32417
30209
28757
33624
43767
43665
47114
35727
38010
38804
38735
17582
23362
143815
21887
24220
60274
80489
29175
21153
23667
56074
41139
36362
50657
64977
52259
23222
23775
69351
32942
36038
53344
53626
46974
18170
28890
36470
62186
105062
44011
38712
13834
47447
33956
28080
33367
46110
40278
34218
22756
26033
29317
32664
34490
27176
27976
88888
89120
48532
40018
46177
41952
40061
20164
26386
35071
34196
31937
39104
23259
100015
37967
31644
24074
31220
33823
33748
39461
35532
34723
51481
32410
82417
50318
117842
41431
39057
57298
33515
23097
21266
24354
32397
15046
16371
65652
21515
28145
18639
12082
30812
42047
53824
31540
24140
21249
31270
47591
66894
58269
32903
33516
56488
37384
30637
93121
12284
36907
36827
23238
27410
32135
60230
53026
26384
35114
35625
45940
141403
49403
31782
53016
97586
29172
43102
68867
36704
35660
39193
31565
36113
48327
55704
28237
43657
48850
49141
41901
45839
52273
52685
52668
85851
22321
43642
41550
51720
62759
62332
17681
24925
16297
23101
31874
93042
47057
49439
26018
26161
58558
140227
140489
26449
58066
25497
54623
48723
94456
43607
88964
40286
46531
40876
35043
18251
49802
39102
24939
27364
32538
41059
37615
30292
36659
44176
34266
28297
29812
24999
59533
36163
51081
41031
35734
56470
24831
41736
70423
28886
32998
34949
27081
29367
50677
68347
35048
27636
30955
61878
27734
34283
33871
34910
29784
28653
27992
26870
24649
27022
24914
26217
26930
26829
50737
17238
10896
26661
27503
24915
33420
26104
60824
29039
24801
27677
13304
20580
33332
63637
42424
57920
58205
42453
4042
15068
30303
17264
19332
31577
55222
50325
13632
8256
34316
56745
32910
35541
55018
34211
86747
41054
27597
66253
40681
36003
62491
43602
39652
33146
34131
34893
28191
45406
25515
34425
41139
32609
57519
39648
33043
135997
84674
26995
30801
30427
80432
33103
60337
30615
31044
38241
26004
25213
53052
42728
42284
64461
53419
31190
27738
28925
34558
44744
36455
46878
20096
34674
28013
28332
11475
23619
27885
7745
23053
17698
21770
39489
51517
43868
38190
87873
76840
39040
41729
62543
41404
54234
84379
24567
53703
20714
35042
20536
32275
23315
18122
15451
43328
46180
98919
54880
52915
83460
40843
31412
45634
47985
31072
24350
36443
80479
9685
9137
12879
56556
18495
33567
21999
27867
33777
27729
31966
56639
75713
79342
70832
40902
24330
55155
18273
30362
58719
35248
26820
29722
99466
20730
59189
72199
20267
3072
57013
43388
32225
40990
69668
29432
37788
23256
53177
16046
48971
67972
32322
29027
37024
34121
38569
36023
44163
37620
28722
42295
34360
37041
30541
40840
41931
35490
31062
29111
38867
43028
36851
17306
21039
45683
73898
16073
33821
26109
30950
15292
55042
33452
34978
34345
35659
55260
27190
24364
26731
27160
14082
84337
15853
21675
37757
21040
39359
28483
37978
10222
16907
48365
56627
39360
29892
29006
19543
21004
33852
54069
25737
48581
163297
52015
80590
81260
47607
48449
33264
31500
39524
28434
54871
81321
31557
16922
36987
50830
37299
21653
28454
16287
33871
56195
45897
36687
56415
35713
35550
39496
26348
17999
19538
19151
49299
66096
99668
56402
74289
47336
49195
90260
30938
53952
39316
32840
51026
48332
12748
11427
40352
41393
29777
61986
41442
31598
32910
38881
47901
32456
28556
56194
26972
22860
41368
37595
27249
29173
51904
35561
42238
36339
33112
35544
30987
38832
39042
32920
36730
40826
39423
21226
30872
38731
27461
43234
44434
52729
64612
50185
35153
18213
36854
38978
11532
20508
33163
45069
44329
42523
36535
79416
82416
18969
27864
31454
28451
20701
52802
25560
43909
21213
69114
56470
34066
33238
54822
47634
57066
8323
19418
29377
31644
47170
21873
64077
33029
64980
20309
27999
59112
41849
43609
44444
51798
43346
47752
28073
38734
45987
55267
85067
27342
93636
94293
70857
63877
36082
67812
31259
31424
25622
33594
70850
20470
17634
74368
34911
22623
12029
91381
17033
27453
13245
35934
26770
64422
12868
14299
23622
93498
97677
61768
34411
34636
33325
49417
40113
40256
73353
40411
22227
58302
38247
63804
29917
30137
33887
49058
61795
27495
20761
56177
89224
16457
25056
18590
36219
20538
19875
10845
56525
52044
49292
68236
100299
66438
58559
50513
21749
22961
31169
60581
49874
31076
36448
73577
128824
19737
19700
28276
26801
21357
39619
20127
21703
40358
89671
51783
38546
46452
33863
53178
74665
85608
29601
40725
21222
45090
8758
28405
38214
22193
44067
19363
21643
13620
13849
15800
27582
54745
46823
38648
28898
25514
32588
21570
13773
27682
25209
13763
10300
61367
31633
14945
26896
7311
26970
43320
54973
21514
45828
35499
10942
27877
18324
39320
42277
51733
17749
42219
16981
33100
24606
112549
32239
25368
112963
41594
28505
40684
80023
17446
27751
73003
27237
21105
26759
26719
17467
37346
23883
36072
37926
53699
77871
46711
57827
66483
31158
46082
54650
28872
69399
70017
32722
32530
24664
45694
28730
68447
43002
36329
42288
47433
31983
57545
41671
32392
24516
26779
52194
46588
51025
22531
14851
23905
34724
16082
50766
27774
27563
27070
34456
36685
55821
36395
11255
37610
28916
19248
88079
31728
31845
21436
33573
31228
13241
24705
16540
21027
38853
42010
27848
52408
22797
29431
37371
42953
44245
31893
44226
14970
27777
16570
77275
