12532
65293
12182
55225
59268
41582
65539
216990
207483
40002
214851
29557
64435
25187
20879
67036
27116
74937
33987
93120
49490
56178
50082
42821
41070
39749
38627
36331
56742
26060
34685
53527
29958
85794
68409
67200
43596
41625
58528
75151
53811
39149
42016
61000
22568
174755
35973
18932
56237
26733
56164
51032
98703
20235
34768
38953
61580
61495
61912
34465
68366
88544
42640
52946
57474
129755
21572
119550
37857
37719
31969
51330
148905
68560
73942
59362
24059
85860
27427
45020
93417
45318
28448
27784
44368
44730
41729
259163
76363
250353
58712
79141
75492
94869
52859
52758
52777
52700
57684
46681
19973
84042
71613
74023
55466
39635
19986
20587
36372
93302
49126
46232
53709
227834
22723
24255
25194
54510
48279
23060
26732
41907
110059
61898
61036
36732
34755
37119
41142
40370
37648
41042
36849
39348
39618
59979
55385
55188
54414
56724
56693
63004
38714
50126
201832
54556
47482
51387
50836
50651
61728
46022
52128
136921
89679
85879
102976
123018
56148
118835
68142
68592
68094
68699
67557
68699
61410
50919
41374
56768
53489
23542
35662
51989
46928
69525
73694
64593
64470
62207
56785
245041
58110
46058
51795
39544
63516
75461
36841
36493
32266
54794
29099
5822
26925
58608
22814
6743
19810
34351
7759
10876
6688
11312
17020
14128
12921
32094
36554
36851
7534
8381
99619
4501
4848
102172
51929
41884
50615
61334
38706
39725
36479
42730
24896
56040
48190
37508
123915
45362
77766
103334
77242
64583
58555
40734
44881
48455
17207
48992
34642
35693
131601
109882
129871
66317
49406
29747
40838
85368
32694
40200
53360
51413
37712
64710
64511
36971
51828
56022
42542
72351
48672
87530
15536
56296
60720
76772
17507
59494
38220
38884
38097
38166
35646
20637
42892
36924
27340
26257
37231
24261
47851
39354
40313
62861
62135
62207
40483
27609
33847
58906
30362
86870
92675
84776
87966
86323
24687
22093
15307
37287
47328
46816
46914
47313
47328
61657
27346
63508
34119
51311
121064
51809
38651
83438
44596
40353
58798
28567
30360
17197
17342
17143
8907
6963
6932
15021
9788
17140
34044
17318
14077
35650
23758
11105
17257
14565
43656
34055
50228
40478
23365
10975
7476
8593
35546
21281
41714
102205
106217
58386
52595
38263
39621
53152
34801
50844
73180
57944
42385
78254
174972
61463
57522
61299
47162
65990
124332
49627
49570
238102
49740
25132
25208
41766
29272
80047
93133
80843
61603
12380
53441
28261
15861
27493
16931
40271
18406
18641
19485
55815
35747
35750
35847
35079
79824
27814
27947
72389
42869
49422
138014
23540
54010
18793
44469
114451
52218
53686
50431
114416
80510
44546
69724
80079
103275
78184
71018
58482
35446
47923
47166
105693
50759
72566
25262
115634
27769
38332
55204
25191
54658
52148
48969
53738
53942
55377
55921
87721
38582
42646
59953
39786
86583
48594
47099
36715
36669
40069
38502
38712
53659
11204
21615
11235
14432
29496
19115
31327
32339
41001
58059
36675
115692
115626
55014
61269
61334
63298
61068
23833
56530
56585
56394
32300
35573
65282
65263
32918
40353
53940
39739
39324
46562
47856
62409
122984
115794
33352
46901
35032
52429
66422
42815
29158
155346
30683
41395
38687
38687
38687
38687
30132
38170
39301
63831
50775
37209
83460
124142
101920
77353
67959
66128
35650
40731
37186
62794
62791
74376
13943
40707
39566
48189
42256
41818
44617
85678
66734
36240
64976
48460
44116
45442
44382
44808
32093
32823
59642
18135
65610
47849
29991
56071
61391
43516
55874
59469
46247
63262
41765
57702
50524
39979
80686
61659
62774
57250
49019
24993
29633
29673
45859
44909
32365
71852
56822
17167
112268
84972
64223
74313
37845
52285
46086
24664
24811
29240
34307
40903
35032
40260
67365
57511
54829
71384
86068
62067
30380
60983
36863
104618
107970
63089
63112
53923
53543
51193
51188
44738
26177
29063
50455
41867
62478
65238
73649
71069
34603
62339
24144
56719
47047
34765
35124
35720
53505
34207
43416
36420
65566
57806
37740
38225
50923
53271
77386
59703
37960
33755
26908
130167
130099
51818
46343
45362
40054
54545
55195
24537
18556
26196
99561
40055
97515
46147
28258
27690
25967
43431
33934
41465
48918
27603
98905
32804
62207
63111
9579
53310
50390
31918
33324
34091
47372
46488
77566
69639
55126
51720
30231
22068
20249
69382
70229
18632
54189
60639
57725
114829
161219
46983
48143
62151
36616
24120
34238
37087
84520
54092
35047
52560
37254
37036
75029
73806
26795
76626
49350
43015
44020
55287
136054
53476
78195
22933
24594
21727
26595
41349
66125
30912
56000
55988
125770
23671
38600
68321
50889
41891
45273
62143
35559
31022
48190
228691
206947
47555
31184
33055
42067
36234
39465
38708
24511
36768
58403
77866
77267
77947
31698
30058
31109
85694
83645
32814
72228
33887
102717
84716
95031
33514
31586
47711
51823
30805
24824
45515
56595
130065
101204
23150
32840
44560
44829
59370
20945
32020
52045
44188
70217
214607
119923
22011
166372
100921
89320
257420
75393
187133
71667
75455
75077
100548
37070
195204
133331
124577
80152
71125
108430
43799
101746
99773
62979
66508
62447
43287
73613
58435
37500
35563
171121
57749
118637
26471
22596
16351
44189
39791
29194
17037
101661
13461
54416
12713
95529
176874
62792
72360
60873
45193
25484
24859
21947
35367
53076
130218
188319
153765
30081
26076
46099
61869
47518
43373
19938
32067
37019
27035
22661
26087
60489
110266
50368
98071
40181
131875
54467
40911
36977
32570
41991
15722
39683
135269
56470
56470
25563
21141
65880
26294
14026
25774
27165
27100
68284
123912
66201
84461
31494
35287
34138
28804
26795
42403
43274
26340
19734
57093
140428
34899
41301
25152
25152
32019
32033
52871
19490
16746
34625
58129
56288
120296
120317
120357
39172
145072
56770
22175
27888
51242
32577
70354
26817
8039
16090
25670
26040
25926
25940
130861
104571
57930
81529
96507
55156
58047
124499
46538
47828
42801
27649
44200
34991
61793
44646
47003
34693
55065
15855
63057
96997
45159
78949
80072
78854
82015
70905
80589
80292
81989
45141
33816
77941
39755
37237
33956
51438
63143
45497
63777
38831
62672
68625
62783
67385
59883
46247
34219
15413
16697
38347
38601
59118
59015
45051
78344
109829
32549
18814
182619
51255
51724
37937
